2560 272.75129842582913
5121 1188.7834533613084
5124 1203.1410890407888
6998 617.4998507091705
518 431.50686505429053
4615 165.01514013899873
4108 123.39040338565258
14 298.0939551663982
534 2781.4634574572497
537 1417.834184389809
2590 429.87457630856363
5808 530.7709910748196
546 927.5866434613779
1573 2978.931164172488
6833 963.1076733141548
5161 1155.5605924651845
2605 630.3866774178512
559 847.736370555475
5169 415.15061900211765
2612 1030.6402512069926
567 380.89634880857074
1593 2452.96221279725
1602 1634.345698208765
1095 106.39757875014915
3146 411.8691338596164
1613 650.1752156777179
5782 378.06212924347795
592 642.8606534000545
2643 496.82859297166914
3670 163.94310211987914
2647 1375.8960437937499
1112 188.96123819075837
5725 24.383742189826734
1636 904.8582562576411
1639 709.9805000410921
5820 267.72027113951043
3943 1342.4629994860888
6765 133.70101401237795
111 381.73384771429284
2679 513.2527125666942
4216 87.04150380623508
5757 49.16513998644231
4734 503.1417290211346
4863 485.58061909152576
128 382.15318387994
5250 153.3831032224624
6794 159.44227900221804
5773 146.702424806967
5263 658.0662904338543
2710 254.68083608368312
6302 97.50326817994858
1695 456.4108797231448
3233 2563.311215171614
162 1539.1726999633474
1700 367.9192093161195
165 1233.2480659224182
5800 435.9861939404992
5290 201.62913718159683
6827 571.563300854291
5804 1151.645706349621
3758 924.2943476956511
1711 505.30811290094124
3760 1494.4139855018113
5809 470.21545376411984
4276 117.20186764332811
185 272.618642636695
3771 198.24220119149803
3260 1767.195511458198
2749 356.4498661373444
4798 313.28527291467793
704 165.1839109505133
1217 290.3840581313991
5826 322.88357066081306
3779 451.32825451508415
2758 182.61386328307776
3785 126.08956134456825
5322 135.17271854162146
3191 1619.985898401566
3276 1543.9278984309456
1230 2008.9829035482496
3793 324.25103506666045
2770 685.9621823185803
3795 341.085887206502
3790 302.7984870149725
3798 316.1736071715524
3799 278.4679465786672
6874 1180.5969661122338
4829 373.9423970767912
3806 305.5382081924865
3808 185.49327809349367
5857 524.8078367547906
3810 416.0715089463226
5860 961.8875632524572
1257 1182.554520914196
3819 276.136578449962
3821 438.5865888317275
1774 193.49653460449423
2804 936.3651717778073
1269 1150.2908977538823
3830 1031.1406516438901
3319 1008.4630108863145
6395 345.47514532274863
5884 396.44617585347
4351 218.363771304023
1794 634.6408319249972
3845 178.11300110108618
4873 627.3600535621794
778 121.61053728165268
6923 332.06077681867725
6428 247.68333315524862
6947 448.6598072948461
1322 180.8664440681997
4908 654.0535429849288
3377 1110.63180606438
2872 483.5988601138876
6980 311.7548171662799
6986 323.90880805831625
3920 478.75620235511707
6993 285.2757791472847
3414 522.1867145542686
5842 329.7882218230247
5791 230.97139095265982
352 118.02264489171392
353 64.6429655412171
3430 873.1995559978916
2919 1186.2213838550092
3432 864.3113512474614
2925 783.4662354111863
2929 453.06413565237114
1910 627.4985500349989
2943 598.5415846904724
3968 1361.1571367685945
4843 355.37285845951834
4246 82.18891805958641
3974 1605.4650397219073
908 185.0785129495387
3473 0.0
3986 588.1317580178169
3822 582.6737558575298
1942 169.37670625544166
1944 762.046184952064
411 154.9738358821941
2971 642.6039988859179
2982 837.8056848368828
5617 69.70543377716398
936 139.58228093660352
2987 687.2609563988227
4524 67.85866987908696
5041 545.8127294336422
443 142.56953017025248
5878 514.0088075483447
3530 203.86574898199967
5579 31.093122902222156
5897 415.3361375435534
981 600.4143915219059
3030 1252.8907850816004
3547 0.0
4062 427.21235033966923
4072 290.1485438882467
3565 178.80898084838245
495 0.0
2545 1522.0728441141166
3063 865.2234140426816
3788 305.77683991200763
119 586.9030481247581
3070 1284.2609775523708
6143 110.91718506871199
R= 0.44040485768144666
